{
  "meta": {
    "suite_name": "void_prism_suite_boss_dr12_voids_mao2017",
    "void_csv": "data/processed/void_prism/boss_dr12_voids_mao2017.csv",
    "theta_fits": [
      "/home/primary/PROJECT/outputs/void_prism_three_source_real_20260209_051629UTC/theta_tomo_kszx/theta_kszx_act_dr6_f150_sdss_z0.200-0.360.fits",
      "/home/primary/PROJECT/outputs/void_prism_three_source_real_20260209_051629UTC/theta_tomo_kszx/theta_kszx_act_dr6_f150_sdss_z0.360-0.480.fits",
      "/home/primary/PROJECT/outputs/void_prism_three_source_real_20260209_051629UTC/theta_tomo_kszx/theta_kszx_act_dr6_f150_sdss_z0.480-0.560.fits",
      "/home/primary/PROJECT/outputs/void_prism_three_source_real_20260209_051629UTC/theta_tomo_kszx/theta_kszx_act_dr6_f150_sdss_z0.560-0.670.fits"
    ],
    "theta_mask_fits": [
      "/home/primary/PROJECT/outputs/void_prism_three_source_real_20260209_051629UTC/theta_tomo_kszx/mask_kszx_act_dr6_f150_sdss_z0.200-0.360.fits",
      "/home/primary/PROJECT/outputs/void_prism_three_source_real_20260209_051629UTC/theta_tomo_kszx/mask_kszx_act_dr6_f150_sdss_z0.360-0.480.fits",
      "/home/primary/PROJECT/outputs/void_prism_three_source_real_20260209_051629UTC/theta_tomo_kszx/mask_kszx_act_dr6_f150_sdss_z0.480-0.560.fits",
      "/home/primary/PROJECT/outputs/void_prism_three_source_real_20260209_051629UTC/theta_tomo_kszx/mask_kszx_act_dr6_f150_sdss_z0.560-0.670.fits"
    ],
    "kappa_source": "planck",
    "extra_mask_fits": null,
    "frame": "galactic",
    "nside": 256,
    "lmax": 700,
    "bin_edges": [
      0,
      20,
      50,
      100,
      200,
      400,
      700
    ],
    "prefactor": 1.0,
    "eg_sign": 1.0,
    "z_edges": [
      0.2,
      0.36,
      0.48,
      0.56,
      0.67
    ],
    "rv_split_mode": "median",
    "jackknife_nside": 8,
    "n_regions": 603,
    "n_proc": 48,
    "ra_col": "ra",
    "dec_col": "dec",
    "z_col": "z",
    "Rv_col": "Rv_mpc_h",
    "weight_col": "weight_ngal"
  },
  "blocks": [
    {
      "name": "zbin0_small_z0.200-0.360",
      "z_eff": 0.29172542372881355,
      "ell": [
        9,
        34,
        74,
        149,
        299,
        549
      ],
      "slice": [
        0,
        6
      ],
      "env": {
        "z_min": 0.2,
        "z_max": 0.36,
        "rv_min": null,
        "rv_max": 54.928,
        "rv_split": 54.928,
        "n_voids": 148
      }
    },
    {
      "name": "zbin0_large_z0.200-0.360",
      "z_eff": 0.29172542372881355,
      "ell": [
        9,
        34,
        74,
        149,
        299,
        549
      ],
      "slice": [
        6,
        12
      ],
      "env": {
        "z_min": 0.2,
        "z_max": 0.36,
        "rv_min": 54.928,
        "rv_max": null,
        "rv_split": 54.928,
        "n_voids": 147
      }
    },
    {
      "name": "zbin1_small_z0.360-0.480",
      "z_eff": 0.42472151898734173,
      "ell": [
        9,
        34,
        74,
        149,
        299,
        549
      ],
      "slice": [
        12,
        18
      ],
      "env": {
        "z_min": 0.36,
        "z_max": 0.48,
        "rv_min": null,
        "rv_max": 52.3405,
        "rv_split": 52.3405,
        "n_voids": 158
      }
    },
    {
      "name": "zbin1_large_z0.360-0.480",
      "z_eff": 0.42472151898734173,
      "ell": [
        9,
        34,
        74,
        149,
        299,
        549
      ],
      "slice": [
        18,
        24
      ],
      "env": {
        "z_min": 0.36,
        "z_max": 0.48,
        "rv_min": 52.3405,
        "rv_max": null,
        "rv_split": 52.3405,
        "n_voids": 158
      }
    },
    {
      "name": "zbin2_small_z0.480-0.560",
      "z_eff": 0.5175780730897009,
      "ell": [
        9,
        34,
        74,
        149,
        299,
        549
      ],
      "slice": [
        24,
        30
      ],
      "env": {
        "z_min": 0.48,
        "z_max": 0.56,
        "rv_min": null,
        "rv_max": 49.33,
        "rv_split": 49.33,
        "n_voids": 151
      }
    },
    {
      "name": "zbin2_large_z0.480-0.560",
      "z_eff": 0.5175780730897009,
      "ell": [
        9,
        34,
        74,
        149,
        299,
        549
      ],
      "slice": [
        30,
        36
      ],
      "env": {
        "z_min": 0.48,
        "z_max": 0.56,
        "rv_min": 49.33,
        "rv_max": null,
        "rv_split": 49.33,
        "n_voids": 150
      }
    },
    {
      "name": "zbin3_small_z0.560-0.670",
      "z_eff": 0.6153184713375797,
      "ell": [
        9,
        34,
        74,
        149,
        299,
        549
      ],
      "slice": [
        36,
        42
      ],
      "env": {
        "z_min": 0.56,
        "z_max": 0.67,
        "rv_min": null,
        "rv_max": 58.7765,
        "rv_split": 58.7765,
        "n_voids": 157
      }
    },
    {
      "name": "zbin3_large_z0.560-0.670",
      "z_eff": 0.6153184713375797,
      "ell": [
        9,
        34,
        74,
        149,
        299,
        549
      ],
      "slice": [
        42,
        48
      ],
      "env": {
        "z_min": 0.56,
        "z_max": 0.67,
        "rv_min": 58.7765,
        "rv_max": null,
        "rv_split": 58.7765,
        "n_voids": 157
      }
    }
  ],
  "y_obs": [
    -5.9992020220674525e-05,
    5.201291179938243e-05,
    -6.357240384452674e-05,
    -2.4994589903109272e-05,
    7.959883425258238e-06,
    7.457271482433055e-05,
    -0.0001948093716045902,
    4.63145912233047e-05,
    -2.4507499895818466e-05,
    0.006735353334985639,
    1.187781130452861e-05,
    2.803828674464807e-05,
    -7.186848877781084e-05,
    0.0001983781479201579,
    -0.00023775619002561362,
    -5.660051685401267e-05,
    5.399243466879506e-05,
    -1.5992718519839176e-05,
    2.151550289462192e-05,
    1.0981204178018597e-05,
    -5.32101472101189e-06,
    -1.4346368774992015e-05,
    3.839753078127845e-05,
    -1.5356558650576828e-05,
    1.3723631053920835e-05,
    2.2083917243398282e-05,
    6.8362801518911e-05,
    -8.485047186468645e-05,
    4.147833093784861e-05,
    2.4307677258651778e-05,
    0.00011850985393777822,
    0.00012931589090080624,
    -1.3600185277205064e-05,
    -2.5249412948151322e-05,
    1.554469786542618e-05,
    -6.06630728017521e-06,
    -6.530808446923376e-05,
    3.089569520461143e-05,
    -6.0709953136587056e-05,
    2.6554941146278485e-05,
    -0.00018380484785375666,
    -9.564589376576113e-06,
    -2.478729728682948e-05,
    0.0001127454515145035,
    -2.612254469340015e-05,
    -2.691725074548976e-05,
    -3.119471866591809e-05,
    -2.8603030922427295e-05
  ],
  "cov": [
    [
      1.9280095352964272e-08,
      -9.256388306994173e-09,
      1.2834118174231172e-08,
      9.548134708308297e-09,
      5.918063255943066e-10,
      3.128714543205765e-09,
      4.977474508020954e-08,
      -3.300666023823733e-12,
      -3.332965485316336e-10,
      4.566250789085274e-07,
      2.016982125296977e-09,
      -7.631578119572467e-11,
      -7.900393852899978e-10,
      -9.108716917404693e-08,
      -2.178719860069018e-07,
      2.8749503449825246e-09,
      1.2344568733042712e-09,
      -1.704781369581452e-10,
      -8.50483896275246e-10,
      -1.0174513060056043e-10,
      -2.162615234127211e-12,
      -1.4755994668161977e-10,
      -8.070107336920433e-10,
      1.5965771451699396e-10,
      6.965839083712182e-10,
      8.947220136751761e-10,
      -1.2471097843253902e-08,
      4.8999912394430044e-08,
      6.872438335683609e-09,
      1.357957093902226e-08,
      -3.404119085647508e-09,
      -3.2512472692218296e-07,
      -4.049951568992744e-11,
      -2.986670856336742e-10,
      2.2423725796809153e-10,
      -2.335556912262907e-10,
      3.540226336516779e-09,
      -2.1531747166635367e-09,
      1.5927222629667302e-09,
      -1.5229173864389373e-09,
      -4.7131618587238915e-08,
      -4.570082212342155e-10,
      3.472801389170825e-09,
      7.157266577088843e-09,
      -5.974904107260816e-10,
      9.302997117052552e-10,
      -4.2345850264952324e-10,
      -1.656702169237121e-10
    ],
    [
      -9.256388306994173e-09,
      2.553678616052678e-08,
      -9.790938866917874e-10,
      -1.689400351699573e-08,
      9.169287528183933e-10,
      -3.719463384896228e-09,
      -2.5607180471817912e-08,
      3.4687353271970363e-09,
      4.016997432864773e-10,
      -2.39912355497798e-08,
      -1.6760194609327994e-10,
      1.9512880055813232e-10,
      -2.0935088769602383e-09,
      -1.4584799294747956e-07,
      4.8263099371151416e-08,
      2.3014712248300883e-09,
      -7.881331562936637e-10,
      7.476912844187884e-11,
      5.042392844600235e-10,
      5.935800866029209e-11,
      2.96813298961969e-10,
      1.191174712240621e-10,
      4.86179553355557e-10,
      -9.32667878225661e-11,
      7.955218555391793e-11,
      1.8108290007015732e-09,
      6.989617960680097e-09,
      1.0390058291052021e-08,
      1.3767552743384572e-08,
      -3.82384605369705e-09,
      5.968163998104562e-10,
      -1.0717240652449256e-07,
      -3.7750708803831516e-10,
      1.8115378329851895e-10,
      -1.0621180348755123e-10,
      2.2924383381784385e-10,
      -2.7097805789828936e-09,
      1.0616097022654311e-09,
      -4.665204219245673e-09,
      1.9350149660611044e-09,
      9.663969585914814e-08,
      5.449281359117842e-11,
      -4.694172294095312e-09,
      -1.968436047596078e-08,
      2.7420763885976803e-10,
      -1.2206046000909635e-10,
      -4.2699370888521533e-10,
      -3.124933698299823e-11
    ],
    [
      1.2834118174231172e-08,
      -9.790938866917874e-10,
      6.236320286425338e-08,
      2.306817349862082e-09,
      2.7835664044157215e-09,
      1.0039757627279472e-08,
      2.1655143017680625e-08,
      3.838972538037112e-10,
      -1.6894735107881935e-10,
      2.581469988073297e-06,
      -1.9588187818105224e-10,
      2.799320588439315e-10,
      -3.6145665562474134e-10,
      -7.385715753957849e-09,
      4.3464114441915277e-07,
      1.2766335326611262e-09,
      7.355929608112923e-10,
      -7.020643140415878e-10,
      4.1905633666052197e-10,
      -1.368374902246234e-09,
      4.275715827722244e-11,
      -9.78096281448162e-10,
      -3.362783910431937e-09,
      -3.470231623409942e-10,
      2.4451238463651444e-10,
      1.5446818432489107e-09,
      -4.054284393532544e-09,
      -1.5198804693374986e-08,
      7.562326400837858e-09,
      9.402421660034605e-10,
      -2.2672609678426367e-09,
      4.547317980036676e-08,
      2.2259072909988612e-10,
      1.110999479515382e-09,
      1.4014728212250136e-10,
      -1.0900334694605803e-10,
      -8.309887831310907e-10,
      4.5398965307383324e-10,
      1.1028207546953226e-08,
      2.694196586434583e-10,
      9.516402851345402e-08,
      1.4488285194347313e-10,
      1.748692084177891e-10,
      -1.398611549819364e-08,
      -1.919996053433613e-10,
      2.448876300297039e-10,
      1.1768206443405422e-10,
      1.6158170383702733e-10
    ],
    [
      9.548134708308297e-09,
      -1.689400351699573e-08,
      2.306817349862082e-09,
      9.576911712232092e-08,
      -4.142895180349437e-10,
      5.292517464808171e-09,
      1.874801452511137e-08,
      9.258823553156575e-11,
      1.9905767146570717e-10,
      -4.525952038583273e-07,
      4.895740361221486e-10,
      3.550700780611827e-11,
      3.875488463562513e-10,
      6.323050521201589e-08,
      5.1710235619465896e-08,
      1.0379011678117612e-08,
      3.0620717339260986e-10,
      -4.375306627396932e-11,
      -1.4374991930635393e-09,
      2.5490804836263294e-10,
      1.3794327096343244e-10,
      -6.014473847037011e-10,
      2.1824364974415176e-10,
      -7.434832099962379e-11,
      2.6773244496138946e-09,
      -3.47153900454772e-09,
      -1.1492298883944056e-08,
      -6.749946749554278e-08,
      1.615885222394893e-08,
      -1.8935357506548904e-09,
      -2.4024340059591377e-09,
      5.7970968445808435e-08,
      6.46903743521785e-10,
      -6.465675698847112e-10,
      7.98541908018151e-10,
      -3.1148573964932414e-10,
      -4.4253207003565613e-10,
      -1.0300977315386554e-09,
      4.7404750247978935e-09,
      -1.4418147140772281e-09,
      -9.786718605771865e-08,
      -2.362202095508755e-10,
      2.4788077091193525e-09,
      1.9662235285116994e-08,
      1.2076055040980458e-09,
      5.886811168944524e-11,
      3.334759846966145e-10,
      -1.888520966793589e-11
    ],
    [
      5.918063255943066e-10,
      9.169287528183933e-10,
      2.7835664044157215e-09,
      -4.142895180349437e-10,
      1.4604554042035657e-09,
      4.211980687735059e-09,
      -2.129726382011607e-09,
      -3.973502168254095e-11,
      -2.93488129869567e-11,
      9.052362804067776e-08,
      -1.7290327776122864e-10,
      -3.044415781185069e-11,
      -2.6094492880374253e-10,
      -2.7427407779208318e-08,
      4.054669840026678e-08,
      5.531144017869375e-10,
      -3.6017479024088135e-10,
      3.5735150203621054e-13,
      1.2045703018324134e-10,
      9.552435495837376e-11,
      4.876196161773401e-11,
      -3.372119897132626e-11,
      4.2081735755211154e-11,
      9.586009226802601e-12,
      1.5515620345223243e-10,
      5.428839005397811e-11,
      -9.435833547795018e-11,
      5.942332283126889e-10,
      -7.007379216238699e-09,
      6.17796586957672e-10,
      -9.582380288276904e-10,
      2.1174555612083028e-08,
      1.1130362424000673e-10,
      2.3748793583149537e-10,
      5.984716611449127e-11,
      -4.2603450059553904e-11,
      -9.652897318524082e-10,
      2.386328523942955e-10,
      -2.1252290326799396e-09,
      2.9772382266778185e-10,
      9.047649394983648e-09,
      -1.2270072741882715e-10,
      -3.53898487758131e-10,
      5.012733519053551e-11,
      -2.5970593368221775e-11,
      1.2819695947968795e-10,
      -7.303847335947862e-12,
      1.371110155444786e-10
    ],
    [
      3.128714543205765e-09,
      -3.719463384896228e-09,
      1.0039757627279472e-08,
      5.292517464808171e-09,
      4.211980687735059e-09,
      5.272143129823723e-07,
      2.269152056885376e-08,
      -7.781135760064511e-09,
      3.3785178219312763e-10,
      -5.051755860201325e-06,
      -2.5848096044881556e-09,
      3.2039745019039207e-10,
      -5.737592179712619e-09,
      -5.8109705490100666e-08,
      -3.1970178712031686e-07,
      -9.006399495243518e-09,
      1.4323505355942006e-09,
      3.054344543945201e-11,
      -2.7294079465692744e-08,
      2.457380536699305e-08,
      -1.785807619293079e-09,
      2.314571429583825e-09,
      1.7133355680449624e-08,
      3.0680976067799936e-09,
      -7.005100793479086e-10,
      2.9090065301099967e-10,
      -3.5044409033925475e-09,
      2.194844012969668e-08,
      -2.9018936870848072e-08,
      1.3414449796123153e-09,
      -2.508762171318727e-09,
      -6.784906311877292e-07,
      3.6135791025161834e-10,
      1.719046194288771e-09,
      -6.728174937837468e-10,
      -1.1644088087055988e-11,
      6.474393766650281e-10,
      -1.4638045774840507e-09,
      1.1725499676786062e-08,
      -6.493275269342757e-10,
      4.037658260066328e-08,
      5.520779507828486e-10,
      8.39535155431561e-09,
      -3.566067232548946e-08,
      -9.74202158772617e-10,
      -7.635285388307789e-10,
      1.3281214903570752e-09,
      -2.3178720109502215e-10
    ],
    [
      4.977474508020954e-08,
      -2.5607180471817912e-08,
      2.1655143017680625e-08,
      1.874801452511137e-08,
      -2.129726382011607e-09,
      2.269152056885376e-08,
      4.158396611668491e-07,
      1.1237372451324764e-09,
      -2.8013250812504265e-09,
      5.9075368547253675e-06,
      2.242858257981769e-08,
      -2.7622644130428107e-09,
      4.836454496477933e-09,
      -2.842547852461333e-08,
      -1.5551565278038237e-07,
      1.1440309538929458e-09,
      5.255748908243881e-10,
      -1.3802924974456468e-09,
      -4.2722290008695616e-09,
      -3.906016058345827e-10,
      -2.8126677582439933e-10,
      1.2607924994764459e-09,
      1.6573313135562384e-09,
      -1.0470244929200474e-09,
      2.176684411221752e-09,
      4.4676555741238675e-10,
      -8.369696212293363e-08,
      6.769244434389476e-08,
      1.0847343575310812e-08,
      -4.2649450999953144e-08,
      -1.1430185589753338e-08,
      -2.8337072828433734e-06,
      -5.714914398382008e-10,
      -2.915980212709942e-09,
      -7.201684586390718e-10,
      3.6772001809198475e-10,
      1.4079808732676656e-08,
      -8.15724575439117e-09,
      -4.012260048906087e-09,
      -4.532462079361194e-09,
      -5.648848048963763e-08,
      -1.467243048225347e-09,
      9.142919490038471e-09,
      -4.970837052833627e-07,
      -5.502982043364931e-09,
      5.754083231746098e-09,
      -5.9677609115752395e-09,
      4.707544254825458e-10
    ],
    [
      -3.300666023823733e-12,
      3.4687353271970363e-09,
      3.838972538037112e-10,
      9.258823553156575e-11,
      -3.973502168254095e-11,
      -7.781135760064511e-09,
      1.1237372451324764e-09,
      1.5300026442598756e-08,
      6.15060195154854e-10,
      -4.3452142390213443e-07,
      5.760229523154129e-10,
      2.622554608440728e-10,
      -1.4127475632462778e-09,
      -6.802115062022039e-08,
      1.8978327222594618e-07,
      -2.1694505965933097e-08,
      2.9213398536510964e-10,
      -7.173640733742304e-11,
      1.0974832698204326e-09,
      4.616266328550357e-10,
      5.538575600940388e-10,
      -3.807364639438113e-10,
      1.3702685809962589e-11,
      9.747182501176751e-11,
      2.0303995605974524e-10,
      1.019303714198847e-09,
      -7.337055293460291e-10,
      1.744463948606144e-08,
      1.3523982157237924e-09,
      4.6101164194960145e-09,
      -3.58776582696424e-10,
      6.141626212764678e-07,
      -3.3037201852230984e-10,
      -1.1933937502363904e-10,
      9.898400422423122e-11,
      -1.0537575972446553e-10,
      1.535488417254466e-09,
      -5.786352202535321e-10,
      -2.7175247989133376e-09,
      8.466745955432634e-11,
      -1.0492744932832512e-08,
      -1.4710367446395741e-10,
      -1.4065387535651997e-09,
      1.8917540475168738e-08,
      1.0870735811790249e-09,
      -5.428264248739129e-10,
      -2.2314741768440893e-10,
      2.8915110604416104e-10
    ],
    [
      -3.332965485316336e-10,
      4.016997432864773e-10,
      -1.6894735107881935e-10,
      1.9905767146570717e-10,
      -2.93488129869567e-11,
      3.3785178219312763e-10,
      -2.8013250812504265e-09,
      6.15060195154854e-10,
      2.081201937793986e-09,
      1.570506283906543e-07,
      -4.786403350143823e-09,
      7.418875334752235e-10,
      -1.1479655918143576e-10,
      -3.268103766530958e-09,
      -3.013614318697663e-09,
      -2.038466456330945e-09,
      -2.6896784924255237e-11,
      1.4806506483527155e-11,
      -2.8286476178157085e-10,
      -3.5742635979630226e-11,
      5.3886509067594274e-11,
      -4.4919154755571956e-11,
      2.5898097832358407e-11,
      6.501827370455536e-11,
      3.332993933188614e-12,
      2.5617343214952486e-10,
      3.3304045161013243e-08,
      1.0011011368237077e-08,
      -4.238443515426102e-12,
      -2.625056515826523e-10,
      3.8948660760779564e-10,
      1.6625504558895993e-08,
      -1.7012078088551454e-10,
      -1.735202968574564e-10,
      -1.1801324411845819e-11,
      -1.989655049915372e-12,
      2.0495096163857124e-10,
      -2.0352788742217915e-10,
      -6.346319108184846e-10,
      -1.8109938458918465e-10,
      -3.944466861956012e-09,
      3.3111131071255783e-10,
      8.417326480916965e-11,
      -2.347274576668687e-09,
      -5.224921837280526e-11,
      7.065439684398688e-11,
      -4.313705858853019e-10,
      7.681392466809622e-12
    ],
    [
      4.566250789085274e-07,
      -2.39912355497798e-08,
      2.581469988073297e-06,
      -4.525952038583273e-07,
      9.052362804067776e-08,
      -5.051755860201325e-06,
      5.9075368547253675e-06,
      -4.3452142390213443e-07,
      1.570506283906543e-07,
      0.014697539881098485,
      -1.3190973371190687e-06,
      1.3765241979325414e-07,
      -6.465469694442093e-07,
      4.669499911742114e-05,
      -0.0001214766480797255,
      -1.9526365191248084e-05,
      -4.7000332362293904e-07,
      1.123179597086182e-07,
      8.536510263744361e-07,
      -2.5929996475820913e-07,
      3.013455083160819e-07,
      2.9707938497892704e-07,
      -1.951403040881632e-07,
      1.2902135222718314e-07,
      -1.5539821591629953e-08,
      2.999344679796062e-07,
      -9.637621792855202e-06,
      1.3563477506298315e-05,
      2.0151330685812404e-06,
      -3.892929425783113e-06,
      1.365457388258643e-07,
      0.00020451163089134816,
      -3.857384332647879e-08,
      2.9091420739653807e-07,
      -7.597406125856031e-08,
      1.416883548453077e-07,
      -4.9785325007134175e-08,
      -1.5873279263047167e-07,
      7.124755666612412e-07,
      -8.070577935279047e-08,
      3.915464451525156e-06,
      -1.2993096453630278e-07,
      -2.775819266283991e-07,
      -2.1914116781489736e-05,
      4.057499983647367e-07,
      -2.9292363849252152e-08,
      2.819318411665647e-07,
      2.4421553983821265e-07
    ],
    [
      2.016982125296977e-09,
      -1.6760194609327994e-10,
      -1.9588187818105224e-10,
      4.895740361221486e-10,
      -1.7290327776122864e-10,
      -2.5848096044881556e-09,
      2.242858257981769e-08,
      5.760229523154129e-10,
      -4.786403350143823e-09,
      -1.3190973371190687e-06,
      2.4318950201120752e-08,
      -3.132241947408601e-09,
      -1.6280619063887053e-09,
      -2.6840940181090015e-08,
      3.095222568632846e-08,
      5.9771099684461655e-09,
      1.0205703282240234e-11,
      5.3981237424505735e-12,
      -1.8886268334907544e-09,
      3.8967263301692843e-10,
      1.023557044039091e-09,
      -8.895976768537942e-10,
      7.263311154547432e-10,
      -4.31075831515494e-10,
      1.0847001841577087e-10,
      -9.283242779471199e-10,
      -1.0068163033771115e-07,
      -2.2461155685704102e-08,
      3.887933600539433e-09,
      -2.2781307193702676e-09,
      5.377730106614566e-10,
      -9.127811667569629e-08,
      -1.3300233125597983e-09,
      -1.8514827714729579e-09,
      -2.1528088663553496e-11,
      -2.3138763117335115e-10,
      7.716149490481706e-10,
      3.333708250415146e-10,
      4.077491552927657e-09,
      4.5068437846324707e-10,
      1.9011108956644118e-08,
      -1.2802220771390884e-09,
      8.774521774219824e-10,
      -1.7764168692954924e-09,
      -1.1043127010374064e-09,
      8.442851699127212e-11,
      -1.9485212945080524e-09,
      -9.085591770809002e-11
    ],
    [
      -7.631578119572467e-11,
      1.9512880055813232e-10,
      2.799320588439315e-10,
      3.550700780611827e-11,
      -3.044415781185069e-11,
      3.2039745019039207e-10,
      -2.7622644130428107e-09,
      2.622554608440728e-10,
      7.418875334752235e-10,
      1.3765241979325414e-07,
      -3.132241947408601e-09,
      1.2789381924162646e-09,
      -3.4416805111414824e-10,
      3.642190244658048e-09,
      -4.989795753611285e-08,
      -3.791630220287948e-09,
      -1.3851603671795606e-10,
      2.7932077211234987e-12,
      -4.4118390923686293e-10,
      7.44123633814334e-11,
      -1.0559032090899158e-10,
      1.7473642362406586e-10,
      -5.368992673810748e-11,
      -8.113205043024751e-12,
      4.82808016793118e-11,
      3.310263376923752e-11,
      1.459505295997926e-08,
      3.1549544008918705e-11,
      3.022205131379959e-09,
      1.8493805028838653e-10,
      2.624854558869496e-10,
      9.465311806128557e-08,
      3.339889603635661e-11,
      2.4004733252512437e-11,
      -1.2685507387649907e-11,
      3.1192499268041376e-11,
      -1.6996163689251686e-10,
      -1.644806680287687e-10,
      -7.415732378634683e-10,
      -1.8303739736272372e-10,
      3.471351700978355e-09,
      1.847898184480374e-10,
      1.8410567159209465e-10,
      7.39788427136788e-11,
      1.2571274457742946e-10,
      4.358107920157326e-11,
      -4.700188727575498e-12,
      -3.3424002734702535e-10
    ],
    [
      -7.900393852899978e-10,
      -2.0935088769602383e-09,
      -3.6145665562474134e-10,
      3.875488463562513e-10,
      -2.6094492880374253e-10,
      -5.737592179712619e-09,
      4.836454496477933e-09,
      -1.4127475632462778e-09,
      -1.1479655918143576e-10,
      -6.465469694442093e-07,
      -1.6280619063887053e-09,
      -3.4416805111414824e-10,
      1.4562857363333855e-08,
      1.917837073054381e-07,
      2.7276908629155413e-07,
      1.0488872031574486e-07,
      -1.7239852299294144e-10,
      3.408203556823211e-10,
      3.045253208700836e-10,
      -1.793894853813496e-10,
      -1.6659883680542442e-10,
      -3.4148261248353456e-10,
      -3.830669252498205e-10,
      6.729322192095602e-11,
      1.5424467628994951e-09,
      -1.5483070803531747e-09,
      4.27695857779453e-08,
      1.5175700608214953e-08,
      5.197859810794984e-09,
      7.462840861853533e-09,
      -1.4681718645726895e-09,
      -4.1411239729957793e-07,
      8.353839852555804e-10,
      1.1500020911082303e-09,
      3.0446629500760856e-11,
      -1.8932704377126094e-10,
      -3.229409231292486e-10,
      6.374068757955079e-10,
      -6.798793278771148e-09,
      -4.2820975781860854e-10,
      -6.933517063038532e-09,
      6.574776283473862e-10,
      -1.6966752317884774e-09,
      -2.7117255340731863e-08,
      3.169788754309266e-10,
      -4.1983585295004266e-10,
      1.2656796610476903e-09,
      -1.5034801878578194e-10
    ],
    [
      -9.108716917404693e-08,
      -1.4584799294747956e-07,
      -7.385715753957849e-09,
      6.323050521201589e-08,
      -2.7427407779208318e-08,
      -5.8109705490100666e-08,
      -2.842547852461333e-08,
      -6.802115062022039e-08,
      -3.268103766530958e-09,
      4.669499911742114e-05,
      -2.6840940181090015e-08,
      3.642190244658048e-09,
      1.917837073054381e-07,
      2.62789734650549e-05,
      -5.498728886776561e-06,
      1.1867637738110622e-06,
      -8.550697841274167e-08,
      3.218522192205573e-08,
      -8.552273524231483e-08,
      -1.7067460899765808e-08,
      -5.159801542581765e-09,
      -1.8605898791798096e-09,
      -8.163661740765991e-09,
      -1.0731008080387023e-08,
      3.6804338317817156e-08,
      -8.67718420843548e-08,
      -1.464466667870718e-06,
      2.233322153262348e-07,
      3.479535679338308e-08,
      2.492609124589989e-07,
      3.639225523338045e-09,
      1.0908576642189915e-05,
      1.3157070675503239e-08,
      -4.7254316810708224e-09,
      -1.2543506458836883e-08,
      -6.058526856594176e-09,
      -6.891113216282579e-09,
      6.847669259238713e-09,
      -2.478572784257377e-07,
      5.29802095657629e-09,
      3.827667535877414e-07,
      4.165338883773915e-08,
      -1.572320123512632e-08,
      -2.3322146880104207e-07,
      -6.205533868195243e-09,
      -4.7501407327839335e-09,
      3.674519534817489e-08,
      -4.849162974841159e-08
    ],
    [
      -2.178719860069018e-07,
      4.8263099371151416e-08,
      4.3464114441915277e-07,
      5.1710235619465896e-08,
      4.054669840026678e-08,
      -3.1970178712031686e-07,
      -1.5551565278038237e-07,
      1.8978327222594618e-07,
      -3.013614318697663e-09,
      -0.0001214766480797255,
      3.095222568632846e-08,
      -4.989795753611285e-08,
      2.7276908629155413e-07,
      -5.498728886776561e-06,
      0.0005371198167762326,
      2.4076533807219356e-06,
      -3.3940476617791594e-09,
      -8.929411562761417e-10,
      1.4305890070738916e-07,
      1.5787082920591513e-08,
      -8.193740747862022e-09,
      -3.043521552495496e-08,
      2.9847050250241477e-08,
      1.7699068578388614e-09,
      1.5755941464994423e-08,
      -8.890057362222915e-08,
      8.792062581379487e-07,
      -2.305109924054943e-06,
      3.9254288917172015e-08,
      5.934423331987283e-07,
      1.1286274308392697e-06,
      -1.6083299883293133e-05,
      -3.05523836461073e-08,
      5.483760877387457e-08,
      -6.099527243340805e-08,
      3.8969788913947984e-08,
      -1.4948477330885097e-07,
      4.112051540571205e-09,
      2.8497577992323827e-07,
      3.568116270515219e-08,
      6.424202919557646e-07,
      -2.9255504060558155e-09,
      3.710563178711783e-08,
      7.625853856212922e-06,
      5.520649564591738e-08,
      -4.8653659947228905e-09,
      2.15245905058495e-08,
      5.2857654916661125e-08
    ],
    [
      2.8749503449825246e-09,
      2.3014712248300883e-09,
      1.2766335326611262e-09,
      1.0379011678117612e-08,
      5.531144017869375e-10,
      -9.006399495243518e-09,
      1.1440309538929458e-09,
      -2.1694505965933097e-08,
      -2.038466456330945e-09,
      -1.9526365191248084e-05,
      5.9771099684461655e-09,
      -3.791630220287948e-09,
      1.0488872031574486e-07,
      1.1867637738110622e-06,
      2.4076533807219356e-06,
      2.0502654328073354e-05,
      -8.490901704010523e-08,
      1.9581563405071134e-09,
      -1.4506940469009726e-08,
      -7.211188001422015e-09,
      -1.4586311341211057e-09,
      1.7871393023184093e-09,
      1.1160583288962534e-09,
      -9.616899148119969e-10,
      5.428581714201518e-09,
      2.3258976020886975e-08,
      1.0188187966937025e-05,
      1.471419578502419e-07,
      5.901403867851016e-07,
      -6.8661171876284405e-09,
      -1.437840012525984e-08,
      9.523021063557079e-07,
      1.7570010943738607e-09,
      -4.280728583547229e-09,
      -5.056874500120662e-09,
      5.397248758196588e-10,
      -2.6874077184893992e-08,
      -1.1293981646930506e-08,
      3.321010049698417e-08,
      9.493044696675917e-09,
      3.4721267322890253e-09,
      -2.3444009944145156e-08,
      1.3947574650961527e-09,
      -8.299801933983083e-08,
      -1.97096121462935e-09,
      1.3601717541005361e-09,
      1.1172353990388188e-09,
      -4.808152725595721e-09
    ],
    [
      1.2344568733042712e-09,
      -7.881331562936637e-10,
      7.355929608112923e-10,
      3.0620717339260986e-10,
      -3.6017479024088135e-10,
      1.4323505355942006e-09,
      5.255748908243881e-10,
      2.9213398536510964e-10,
      -2.6896784924255237e-11,
      -4.7000332362293904e-07,
      1.0205703282240234e-11,
      -1.3851603671795606e-10,
      -1.7239852299294144e-10,
      -8.550697841274167e-08,
      -3.3940476617791594e-09,
      -8.490901704010523e-08,
      4.3867256162385175e-09,
      -8.883237153979687e-11,
      -4.6251313056808477e-10,
      5.387727929231138e-11,
      -9.813474399241941e-11,
      -9.247901907523358e-11,
      -2.216281486662198e-10,
      1.7119757468722845e-10,
      -2.1274701326950968e-10,
      -8.933409701143988e-12,
      -3.387221569654054e-08,
      1.052673468945614e-10,
      -4.104711037740381e-09,
      -4.545175953113315e-09,
      -1.6929591658838783e-10,
      -1.0450242202901657e-06,
      2.564140477230326e-10,
      -3.61026312074927e-10,
      1.0554714211239374e-10,
      -1.3869231909899118e-11,
      8.577290044480605e-10,
      2.8906422251773716e-10,
      7.55888746418123e-09,
      -1.7030133452969907e-10,
      -1.831427870048941e-08,
      -1.0382222914858437e-10,
      5.163749654963064e-10,
      1.262259140483921e-08,
      2.0923496827649381e-10,
      7.081641630558977e-11,
      1.2496371437161137e-10,
      2.4373459312006227e-10
    ],
    [
      -1.704781369581452e-10,
      7.476912844187884e-11,
      -7.020643140415878e-10,
      -4.375306627396932e-11,
      3.5735150203621054e-13,
      3.054344543945201e-11,
      -1.3802924974456468e-09,
      -7.173640733742304e-11,
      1.4806506483527155e-11,
      1.123179597086182e-07,
      5.3981237424505735e-12,
      2.7932077211234987e-12,
      3.408203556823211e-10,
      3.218522192205573e-08,
      -8.929411562761417e-10,
      1.9581563405071134e-09,
      -8.883237153979687e-11,
      3.371641829915953e-10,
      -2.4456386175524413e-10,
      -1.8880504514933496e-11,
      7.243099815169503e-12,
      -1.6573622663735663e-11,
      6.425784660816542e-11,
      -7.987293323304472e-12,
      6.11181062801409e-11,
      -3.0561887877927875e-10,
      2.460144158471543e-09,
      -3.5529013511136535e-09,
      1.2032404115611132e-10,
      3.175222267452388e-09,
      -1.0401679859188399e-10,
      1.6572520124947402e-07,
      -2.738635204163143e-11,
      8.970885958479767e-11,
      9.8086308585728e-13,
      -1.768110521401734e-11,
      1.331537684385816e-10,
      -3.6049267913339775e-12,
      -1.9715563063805977e-09,
      2.476855365062053e-11,
      7.171277475954714e-10,
      8.423153149215817e-11,
      -3.745924297254966e-11,
      1.4324751084276217e-08,
      7.809277718573215e-11,
      -3.796195908990825e-11,
      2.233534547451959e-10,
      -8.497588015318503e-11
    ],
    [
      -8.50483896275246e-10,
      5.042392844600235e-10,
      4.1905633666052197e-10,
      -1.4374991930635393e-09,
      1.2045703018324134e-10,
      -2.7294079465692744e-08,
      -4.2722290008695616e-09,
      1.0974832698204326e-09,
      -2.8286476178157085e-10,
      8.536510263744361e-07,
      -1.8886268334907544e-09,
      -4.4118390923686293e-10,
      3.045253208700836e-10,
      -8.552273524231483e-08,
      1.4305890070738916e-07,
      -1.4506940469009726e-08,
      -4.6251313056808477e-10,
      -2.4456386175524413e-10,
      1.363430721804909e-08,
      -4.654352033365126e-09,
      -1.4629839954914607e-10,
      -3.4353616623625163e-10,
      -1.4527415809560228e-09,
      4.9400273717100407e-11,
      3.939716959431842e-11,
      3.7118298692928175e-10,
      5.58404836577547e-09,
      -1.5037982398251664e-09,
      7.67463504315177e-10,
      5.119856676374757e-09,
      2.805720544521422e-10,
      3.838050536349642e-07,
      1.2210466119453007e-10,
      1.0551536835025783e-09,
      1.1543659771924667e-10,
      2.484818254205633e-10,
      -1.569223969559036e-10,
      7.952416215470975e-10,
      -4.392987957470431e-09,
      1.007818716791489e-10,
      -1.6268387483175497e-08,
      9.701007705065586e-11,
      -3.1442528839084278e-09,
      3.707336057951488e-08,
      3.124227935092859e-10,
      -4.950107161876549e-10,
      -4.2473523115801054e-10,
      5.5232786283299e-10
    ],
    [
      -1.0174513060056043e-10,
      5.935800866029209e-11,
      -1.368374902246234e-09,
      2.5490804836263294e-10,
      9.552435495837376e-11,
      2.457380536699305e-08,
      -3.906016058345827e-10,
      4.616266328550357e-10,
      -3.5742635979630226e-11,
      -2.5929996475820913e-07,
      3.8967263301692843e-10,
      7.44123633814334e-11,
      -1.793894853813496e-10,
      -1.7067460899765808e-08,
      1.5787082920591513e-08,
      -7.211188001422015e-09,
      5.387727929231138e-11,
      -1.8880504514933496e-11,
      -4.654352033365126e-09,
      4.2773509348760805e-09,
      -1.6808467160523767e-11,
      3.911407426089986e-10,
      1.4979125546650435e-09,
      4.110443011654815e-11,
      -2.2515011791614146e-10,
      7.338920641038167e-11,
      -3.9013745681546804e-09,
      -1.986222839559886e-09,
      -9.138125723488204e-10,
      1.9088294252050367e-09,
      -3.8461940932632066e-10,
      3.837635281407716e-08,
      7.917669455624784e-11,
      1.410175193390582e-10,
      1.7424366196618515e-11,
      -1.3139274128169686e-11,
      4.305105141501542e-10,
      -4.6430999910895216e-11,
      2.4424945197600476e-10,
      -3.863046722316233e-11,
      1.6104713200956645e-09,
      -7.325555666424747e-11,
      8.21241744879948e-10,
      1.1323464179549722e-08,
      1.4751527939870257e-10,
      -1.5048910235117795e-10,
      2.694417257001153e-10,
      1.7901526054483556e-10
    ],
    [
      -2.162615234127211e-12,
      2.96813298961969e-10,
      4.275715827722244e-11,
      1.3794327096343244e-10,
      4.876196161773401e-11,
      -1.785807619293079e-09,
      -2.8126677582439933e-10,
      5.538575600940388e-10,
      5.3886509067594274e-11,
      3.013455083160819e-07,
      1.023557044039091e-09,
      -1.0559032090899158e-10,
      -1.6659883680542442e-10,
      -5.159801542581765e-09,
      -8.193740747862022e-09,
      -1.4586311341211057e-09,
      -9.813474399241941e-11,
      7.243099815169503e-12,
      -1.4629839954914607e-10,
      -1.6808467160523767e-11,
      4.278685715016588e-10,
      -3.69251268989754e-10,
      2.513194408749199e-10,
      1.8952820061283807e-11,
      6.763129426346244e-11,
      4.3639695397488366e-11,
      -1.1193043407749784e-09,
      -1.957717773896301e-09,
      -5.393599511037653e-10,
      -3.2122649941571664e-10,
      1.2297791976897974e-10,
      5.045310703563594e-08,
      -1.3518206189255553e-10,
      -2.910956108641428e-11,
      -9.436815579879658e-12,
      -3.089006105409012e-11,
      2.1806685487467495e-10,
      6.270332679863965e-11,
      1.610654128123179e-10,
      1.9517439050217827e-11,
      2.3252480443185543e-10,
      -4.726043399432757e-11,
      -9.292270336255744e-11,
      -3.945322416982153e-09,
      2.073662472420199e-12,
      4.2696173379291947e-11,
      -1.6438097131772724e-10,
      1.5235189053758014e-11
    ],
    [
      -1.4755994668161977e-10,
      1.191174712240621e-10,
      -9.78096281448162e-10,
      -6.014473847037011e-10,
      -3.372119897132626e-11,
      2.314571429583825e-09,
      1.2607924994764459e-09,
      -3.807364639438113e-10,
      -4.4919154755571956e-11,
      2.9707938497892704e-07,
      -8.895976768537942e-10,
      1.7473642362406586e-10,
      -3.4148261248353456e-10,
      -1.8605898791798096e-09,
      -3.043521552495496e-08,
      1.7871393023184093e-09,
      -9.247901907523358e-11,
      -1.6573622663735663e-11,
      -3.4353616623625163e-10,
      3.911407426089986e-10,
      -3.69251268989754e-10,
      8.413717887650394e-10,
      -1.706648963626604e-10,
      3.976836961785605e-11,
      -1.1133279525143778e-10,
      -2.7319476296272172e-11,
      -9.652932146376516e-11,
      -1.72680715748162e-09,
      -3.7836065077240334e-10,
      -1.0782087548829236e-09,
      4.2015543167577764e-11,
      5.004224162792834e-08,
      1.8043132023322214e-12,
      -9.580533157657693e-11,
      -7.194977339029339e-13,
      5.241411280159717e-11,
      -6.094096722758611e-11,
      -9.89492492216491e-11,
      2.0317558414731757e-11,
      -1.633113840189657e-11,
      -4.473227989993325e-09,
      7.541620102276823e-11,
      2.7547686302809914e-10,
      -7.92976884340244e-09,
      -1.038909963297373e-10,
      5.3852554881582887e-11,
      -1.0036665165964097e-10,
      -1.1442144119561326e-10
    ],
    [
      -8.070107336920433e-10,
      4.86179553355557e-10,
      -3.362783910431937e-09,
      2.1824364974415176e-10,
      4.2081735755211154e-11,
      1.7133355680449624e-08,
      1.6573313135562384e-09,
      1.3702685809962589e-11,
      2.5898097832358407e-11,
      -1.951403040881632e-07,
      7.263311154547432e-10,
      -5.368992673810748e-11,
      -3.830669252498205e-10,
      -8.163661740765991e-09,
      2.9847050250241477e-08,
      1.1160583288962534e-09,
      -2.216281486662198e-10,
      6.425784660816542e-11,
      -1.4527415809560228e-09,
      1.4979125546650435e-09,
      2.513194408749199e-10,
      -1.706648963626604e-10,
      1.53855851596647e-09,
      6.051613930684619e-11,
      7.728068689249178e-11,
      5.484870217781271e-11,
      2.0906058142017605e-09,
      -6.8887179069498325e-09,
      3.2924721660014523e-12,
      -2.9738131497774324e-09,
      -3.26018835478447e-10,
      -2.1993098451786826e-08,
      -4.324207236265734e-11,
      2.5229131854262047e-10,
      -4.803496813409198e-11,
      3.940217554896717e-12,
      -1.9210429740220585e-11,
      -9.620637000514283e-12,
      4.762660790281856e-10,
      1.821412191713563e-11,
      4.22769489889621e-10,
      -1.2016938996359545e-10,
      -4.8063682111035716e-11,
      -1.3327084629439636e-08,
      -9.364767815940895e-12,
      -9.02736902001646e-12,
      -1.8067550184188756e-11,
      9.328432571483635e-11
    ],
    [
      1.5965771451699396e-10,
      -9.32667878225661e-11,
      -3.470231623409942e-10,
      -7.434832099962379e-11,
